$ANSIBLE_VAULT;1.1;AES256
36323063663830613866356331373937323032636564623633303538363733313337366230326438
3337366162343136666230383162333065663263633936610a613563666536353236636330353564
31613434316136393937366536656232376531653665666430306339663065313337316632396465
3938623937313466630a393962356666363539323933653366383864353466313134643731313862
34656162396566653066613235653264363935353337326432636633306164646564613732363930
32643366643664373165653463343532613736373161303233366564383534643236306131653165
38666533633964333633393566656537646461316663363765356565366237323435316563396130
61316436393830643432333930353838663633316337663933633035363330383833326135623262
61313063613631306132393634333535356434633234363130333438653837643231653432666237
35366237326561383939343739323834616338646337316164333938346530326465656463353561
616430333435343436653463316533316436
